   6.4839907e+00  -3.3246049e+00
   5.6012275e+00  -4.1022596e+00
   5.1372942e+00  -2.5487513e+00
   4.7611722e+00  -5.4046564e+00
   4.0201576e+00  -5.1821522e+00
   5.6533717e+00  -2.4817084e+00
   5.1829825e+00  -4.0456568e+00
   5.8189183e+00  -4.5421042e+00
   4.0434534e+00  -4.0418327e+00
   6.8218345e+00  -4.7641441e+00
   5.9872039e+00  -4.7919851e+00
   3.9333738e+00  -4.8867981e+00
   6.5570596e+00  -5.0539929e+00
   4.9124222e+00  -5.4437279e+00
   5.8022216e+00  -4.5598482e+00
   5.7194624e+00  -5.0746848e+00
   4.6217989e+00  -3.0581447e+00
   2.6386002e+00  -4.2644733e+00
   6.0355553e+00  -3.4786234e+00
   5.1579627e+00  -4.6398305e+00
   4.9021411e+00  -4.5815511e+00
   5.9189127e+00  -3.2417532e+00
   4.8103193e+00  -3.0314660e+00
   6.1711910e+00  -4.4670591e+00
   5.6508975e+00  -2.8075219e+00
   4.5086811e+00  -4.0242714e+00
   6.3368299e+00  -4.1314698e+00
   5.9745090e+00  -2.3079993e+00
   6.7521659e+00  -2.9643149e+00
   4.6073773e+00  -3.5927398e+00
   4.6047258e+00  -4.0977404e+00
   5.8133259e+00  -5.0383820e+00
   6.1670332e+00  -4.6152155e+00
   6.3281166e+00  -2.6779999e+00
   5.5065093e+00  -6.5215067e+00
   5.2641078e+00  -5.1369775e+00
   6.1528211e+00  -4.6888032e+00
   7.4645325e+00  -4.3517250e+00
   6.3845842e+00  -6.2838800e+00
   5.5845370e+00  -3.9709325e+00
   4.9254859e+00  -3.7702681e+00
   5.9997506e+00  -5.4401349e+00
   5.0158955e+00  -4.7592869e+00
   5.7384456e+00  -5.7135448e+00
   6.2782482e+00  -2.8754503e+00
   6.4242729e+00  -4.1264876e+00
   6.0881379e+00  -4.7508918e+00
   6.8779343e+00  -5.4254559e+00
   7.3512049e+00  -4.4013397e+00
   3.6023352e+00  -2.8157202e+00
   3.7213158e+00  -4.2247406e+00
   4.5773588e+00  -4.1467106e+00
   3.5020729e+00  -5.7003756e+00
   5.1428999e+00  -4.3338713e+00
   5.1635992e+00  -3.7238382e+00
   5.7504260e+00  -5.8814354e+00
   5.7861619e+00  -3.3717210e+00
   4.8138314e+00  -2.0345604e+00
   4.6866855e+00  -6.0579172e+00
   6.2934026e+00  -6.5666478e+00
   5.1180547e+00  -4.5725987e+00
   4.1287958e+00  -3.7408886e+00
   5.5103075e+00  -4.5816641e+00
   5.7041320e+00  -4.6584733e+00
   5.0889745e+00  -4.4935020e+00
   6.1635612e+00  -5.5646078e+00
   5.7257821e+00  -6.1439151e+00
   5.2871569e+00  -2.9184502e+00
   5.4559654e+00  -4.2073859e+00
   5.9581818e+00  -5.6876086e+00
   5.0585826e+00  -3.4240633e+00
   4.4450533e+00  -5.7973716e+00
   5.3444157e+00  -4.6217702e+00
   5.6291479e+00  -3.7592285e+00
   6.0094283e+00  -5.3407176e+00
   5.4698765e+00  -4.8494708e+00
   5.0426351e+00  -4.4703680e+00
   6.0963356e+00  -2.5476265e+00
   5.3864716e+00  -4.0409765e+00
   6.3070244e+00  -4.8993119e+00
   5.4101973e+00  -4.7253846e+00
   5.4937079e+00  -4.7802829e+00
   5.4081393e+00  -3.1932754e+00
   4.5787617e+00  -4.7843751e+00
   4.5730485e+00  -5.2917105e+00
   4.5387793e+00  -4.2593811e+00
   7.2848298e+00  -4.5946460e+00
   5.2998110e+00  -3.7067653e+00
   6.4404117e+00  -3.5405605e+00
   5.8491563e+00  -3.4128972e+00
   7.3592803e+00  -3.8528313e+00
   6.4270720e+00  -3.8674498e+00
   4.2730362e+00  -2.5967237e+00
   5.1727609e+00  -5.6600255e+00
   6.3916464e+00  -4.8473093e+00
   5.7881856e+00  -6.1950647e+00
   7.7651954e+00  -3.5806139e+00
   5.4521097e+00  -4.4784688e+00
   3.9481359e+00  -4.7993403e+00
   5.9440833e+00  -6.2210158e+00
   4.5881811e+00  -4.3165681e+00
   5.5494346e+00  -4.7597323e+00
   6.5780459e+00  -5.8547889e+00
   5.8081788e+00  -5.6574420e+00
   5.7996385e+00  -5.2619864e+00
   5.3027815e+00  -4.7502996e+00
   5.3535776e+00  -6.1487631e+00
   5.3969291e+00  -4.6819906e+00
   2.7010181e+00  -3.8843128e+00
   5.8932752e+00  -4.8766743e+00
   6.4902472e+00  -5.1980353e+00
   4.2023671e+00  -4.1958776e+00
   3.9780316e+00  -3.3989201e+00
   6.1210113e+00  -4.9466080e+00
   3.9924774e+00  -4.9667122e+00
   3.8205979e+00  -5.9358206e+00
   6.2889762e+00  -5.4777161e+00
   4.8457176e+00  -3.8941054e+00
   6.7449030e+00  -4.6136545e+00
   4.2077356e+00  -3.7354384e+00
   4.8856475e+00  -3.8301025e+00
   5.7416952e+00  -4.1242163e+00
   6.0493491e+00  -3.7333472e+00
   5.9676343e+00  -2.9765282e+00
   5.6914570e+00  -3.9231758e+00
   5.2701950e+00  -4.0740270e+00
   4.9207832e+00  -4.5429310e+00
   5.9804812e+00  -5.7422630e+00
   5.1131674e+00  -5.0049517e+00
   5.9216155e+00  -4.1741487e+00
   6.5877059e+00  -5.6114234e+00
   3.2506681e+00  -4.0318157e+00
   7.3044801e+00  -4.1773871e+00
   4.8679396e+00  -4.3999786e+00
   6.8164582e+00  -4.1985654e+00
   7.0515921e+00  -4.4761764e+00
   4.0310919e+00  -4.5220547e+00
   5.6769384e+00  -4.5087579e+00
   8.9662599e+00  -3.5705449e+00
   5.2853733e+00  -4.5904323e+00
   5.9862826e+00  -7.1411458e+00
   5.8308851e+00  -4.9861500e+00
   6.7679021e+00  -4.3040304e+00
   6.5905142e+00  -3.5402778e+00
   4.5535494e+00  -3.1196756e+00
   5.0615009e+00  -5.4414636e+00
   5.8432207e+00  -3.7391319e+00
   5.4415966e+00  -4.2620796e+00
   8.0349747e+00  -4.7083735e+00
   5.9386454e+00  -4.4752608e+00
   5.9375177e+00  -4.5280911e+00
   4.6623240e+00  -4.3596409e+00
   4.1924974e+00  -4.2624138e+00
   6.2941427e+00  -5.1715487e+00
   5.3027362e+00  -5.5450000e+00
   6.1491528e+00  -3.5342334e+00
   4.6685257e+00  -4.7197565e+00
   6.3959541e+00  -3.0854641e+00
   3.6865136e+00  -5.4241867e+00
   7.0666835e+00  -5.0941408e+00
   6.3465007e+00  -3.0787245e+00
   5.6101548e+00  -3.0923924e+00
   4.3388985e+00  -5.5290008e+00
   5.1024643e+00  -4.2934878e+00
   5.7542943e+00  -3.1588887e+00
   6.7077894e+00  -3.1672834e+00
   4.4664584e+00  -5.7848947e+00
   6.7951468e+00  -2.8816241e+00
   8.2681230e+00  -3.8383562e+00
   5.0046529e+00  -4.2726536e+00
   5.9687655e+00  -4.7255761e+00
   4.8427031e+00  -5.4659934e+00
   3.7830428e+00  -4.4049821e+00
   6.9705191e+00  -4.7567325e+00
   6.1941373e+00  -2.1898686e+00
   4.9893030e+00  -4.3099403e+00
   5.6133874e+00  -4.6734040e+00
   5.2701929e+00  -4.5140288e+00
   4.0382672e+00  -5.1127383e+00
   2.6176639e+00  -2.4282001e+00
   5.4525324e+00  -3.8629759e+00
   5.0375340e+00  -4.4251061e+00
   4.9233541e+00  -3.3767328e+00
   4.6540316e+00  -4.5331279e+00
   3.6827645e+00  -4.5977477e+00
   4.9782694e+00  -5.0566199e+00
   5.6614359e+00  -5.1154990e+00
   4.4381891e+00  -2.8954468e+00
   5.9504937e+00  -3.7315046e+00
   5.2272019e+00  -4.4130665e+00
   5.3985456e+00  -2.7956409e+00
   4.0708941e+00  -4.4763661e+00
   4.7355906e+00  -4.2099572e+00
   5.9101375e+00  -5.9198992e+00
   4.7100673e+00  -4.0247264e+00
   5.6616371e+00  -5.9473190e+00
   7.4779040e+00  -5.4882800e+00
   6.2952664e+00  -3.5506205e+00
   6.5373667e+00  -4.1487760e+00
   7.8603300e+00  -5.3722816e+00
