   6.0187283e-01   4.8705984e+00
   1.2564359e+00   4.3307605e+00
   1.2200255e+00   2.6521033e+00
  -7.1144058e-01   5.5478718e+00
  -2.0575524e-01   3.3833633e+00
  -7.7291365e-01   3.3014290e+00
   9.2750836e-01   2.5764049e+00
  -7.2111485e-01   3.8903676e+00
   1.7018812e+00   3.8972879e+00
  -5.4679948e-03   3.6772834e+00
  -1.0642682e-01   3.1604126e+00
   2.7905599e+00   2.3394490e+00
   3.1623842e+00   7.0124866e+00
   1.8072248e-01   5.5008405e+00
   9.6295041e-01   3.6410084e+00
   2.9630040e+00   3.8851207e+00
   4.5973363e-01   4.3589011e+00
   2.7175038e+00   3.9878626e+00
   1.8198083e+00   3.4296402e+00
   1.0555208e+00   4.9340348e+00
   6.4687466e-01   2.8616832e+00
   2.6931493e+00   5.9572382e+00
   1.7110504e+00   2.2367705e+00
   3.6723606e-01   3.6766657e+00
   1.3927264e+00   4.8725922e+00
   1.2203843e-01   4.1179154e+00
   1.1489454e+00   2.4969452e+00
   2.5318781e+00   4.9218352e+00
   1.5318478e+00   4.1632449e+00
   2.4033288e-01   3.1853292e+00
   1.3479841e+00   4.4037101e+00
   3.0219730e-01   4.7561574e+00
   3.0193148e+00   6.1844397e+00
  -7.9369953e-01   3.9062175e+00
   3.4049245e-01   3.7057939e+00
   1.7714533e+00   3.4951944e+00
   1.7965890e-01   2.0730010e+00
   1.0178882e+00   4.5213807e+00
   1.6545352e+00   1.9455888e+00
   2.2576988e+00   3.7301625e+00
   7.2920009e-02   3.7249679e+00
   8.3012233e-01   4.8451448e+00
   5.2832751e-01   1.2288186e+00
   8.8576651e-01   4.9180749e+00
   1.3694869e+00   3.4807457e+00
   3.8138472e-01   2.7069878e+00
   1.8001151e+00   3.9912819e+00
   1.4266961e+00   4.2333527e+00
   5.2766924e-01   3.5758043e+00
   1.2759518e+00   2.5305513e+00
   1.9842271e+00   5.2064203e+00
   1.9931074e+00   4.1973422e+00
   1.6682091e+00   3.2931245e+00
   9.3500158e-01   5.2163673e+00
   3.7990137e-01   4.3671704e+00
   1.2241043e+00   2.7324844e+00
   5.3386381e-01   4.6210501e+00
   6.6791312e-01   2.2045454e+00
   1.9248148e+00   2.9421605e+00
   2.4470255e+00   4.1515445e+00
   1.5958321e+00   4.4112641e+00
   3.0532706e+00   4.0704978e+00
  -5.2925034e-01   2.0669734e+00
   1.0226876e+00   4.8187220e+00
   1.0952848e+00   5.2617571e+00
   2.6145263e+00   5.1673429e+00
   1.5012732e+00   3.4296700e+00
   6.7615979e-01   3.6061024e+00
   1.5542166e+00   2.9825660e+00
   1.6424435e+00   4.2502059e+00
   1.1826251e+00   4.2521248e+00
  -1.0274764e+00   3.2285211e+00
   2.0230809e+00   4.9195455e+00
  -2.4915418e+00   4.8521575e+00
   1.1094896e+00   4.6571262e+00
  -5.5133148e-01   3.2465357e+00
   6.4488909e-01   2.6614982e+00
   2.3985575e+00   4.6522251e+00
   4.8652504e-01   5.4472167e+00
   2.9171796e+00   2.7098740e+00
   1.7784106e+00   1.7918108e+00
   7.5354489e-01   5.4361081e+00
   9.6468346e-02   3.9383278e+00
   5.0409774e-01   5.1778065e+00
   1.3744948e+00   4.9855134e+00
  -1.3705321e+00   2.7814216e+00
   1.6150620e+00   3.5681217e+00
   1.2794650e+00   3.1650587e+00
   1.8188651e+00   4.1796801e+00
   3.0475065e+00   5.1663024e+00
   6.7625565e-01   4.0559859e+00
   1.9457707e-02   1.8999582e+00
   2.1796342e+00   5.2352971e+00
   1.8945828e+00   4.0026715e+00
   8.5706938e-01   3.5404632e+00
   4.0652947e-01   1.8968234e+00
   1.2489172e+00   4.3739217e+00
  -1.2978234e-01   4.2451805e+00
   1.0660946e+00   4.3385792e+00
   3.6207541e-01   2.9219348e+00
   1.8069235e-01   3.2698377e+00
   1.9679535e+00   3.0836727e+00
   1.0303490e+00   5.7875532e+00
   2.3510965e+00   3.1795965e+00
  -8.6374263e-02   3.8032887e+00
   1.2402650e+00   3.1098563e+00
  -4.6181279e-02   4.9107486e+00
   1.6187176e+00   3.9877348e+00
   2.3050342e+00   4.0728145e+00
   2.0234911e+00   4.9394163e+00
  -1.1153825e+00   4.6752373e+00
   1.6817289e+00   4.7859685e+00
   1.0087093e+00   1.8672593e+00
   1.3342733e+00   4.2199296e+00
   4.5258724e-01   4.9662855e+00
  -6.5098434e-01   4.3499941e+00
   1.8927933e+00   4.9018153e+00
   4.9294445e-01   6.1211884e+00
   6.7020885e-01   5.2485867e+00
   1.1683538e+00   2.8768142e+00
   3.5367400e+00   3.1699149e+00
   3.2936267e+00   3.8782213e+00
  -3.1866092e-01   3.3574089e+00
   5.2586527e-01   3.9210500e+00
   1.9873820e+00   5.2281128e+00
  -1.0730264e+00   3.4686342e+00
   2.2440261e+00   3.7138952e+00
   6.8476042e-01   3.7723943e+00
   2.3992940e+00   4.6745232e+00
   1.2011860e-01   5.0368400e+00
   7.7527545e-02   3.8505375e+00
   3.3144029e+00   3.6829187e+00
   1.5880132e+00   4.9335947e+00
   6.9023237e-01   4.7232841e+00
  -3.2964147e-02   4.4881848e+00
   2.1033507e+00   7.2661987e+00
   1.3421089e+00   4.0317008e+00
  -1.2639932e+00   4.3412749e+00
   9.6714183e-02   3.9164690e+00
   3.9700290e+00   4.6164211e+00
   9.8823370e-01   3.4750008e+00
  -9.9953907e-01   5.0077067e+00
   1.1198469e-01   5.8291022e+00
   5.8009760e-01   4.0852881e+00
   1.6945784e+00   3.9316753e+00
   8.3724730e-01   3.4365346e+00
   1.1015766e+00   3.5264259e+00
   9.8214154e-01   2.2964655e+00
   3.9672908e-02   3.9462800e+00
   2.1728056e+00   3.1186559e+00
   6.3472732e-01   5.2558914e+00
   5.3658936e-01   4.1558416e+00
   1.1949896e+00   4.0549327e+00
   9.3305350e-01   5.3985524e+00
   4.7846986e-01   2.2243516e+00
   1.1270998e+00   4.3296541e+00
   3.1130185e+00   2.9420972e+00
   1.5412811e+00   3.3566308e+00
   3.4491473e-01   4.2584408e+00
   1.3047127e-01   4.8916943e+00
   7.6110211e-01   3.1633776e+00
  -5.7598732e-01   4.5531482e+00
   2.8257512e+00   5.4584093e+00
   1.2042675e+00   3.1449178e+00
  -1.6339579e-01   3.0078774e+00
   1.1206098e+00   3.9883006e+00
  -4.4351837e-01   4.6269107e+00
   1.5823460e+00   4.0014992e+00
   8.1853453e-01   3.1836733e+00
   1.0420098e+00   4.1151475e+00
   1.3618419e+00   4.2070687e+00
   1.8537146e+00   3.5554382e+00
   1.9022798e-01   2.8795103e+00
  -4.6705067e-01   4.4353580e+00
   8.9610376e-01   4.0170886e+00
   1.7708661e-01   3.6370144e+00
   1.4249814e+00   3.3687625e+00
  -8.5468437e-01   3.4996750e+00
   1.8585751e+00   3.1328068e+00
   1.3063937e+00   2.9599068e+00
  -1.1156175e-01   5.2654315e+00
   6.8275928e-01   3.7585421e+00
   1.8378627e+00   2.2709686e+00
   3.4264653e+00   3.5117591e+00
   6.4891056e-01   5.0603843e+00
   2.3819618e+00   3.4618460e+00
   1.3934454e-01   5.7773377e+00
   1.2068905e+00   3.2204812e+00
   7.9250276e-01   3.2470281e+00
   1.3402570e+00   2.9668666e+00
   5.0188785e-01   5.1638385e+00
  -4.2139467e-01   3.4198939e+00
   7.2922585e-01   4.4173024e+00
   1.4396631e+00   2.3518750e+00
   4.9385623e-01   3.4273245e+00
   8.1565177e-01   4.6592320e+00
   1.4019990e+00   2.7195984e+00
   1.5392282e+00   4.0501241e+00
   2.6640678e-01   4.5484029e+00
   7.3162801e-01   5.7784467e+00
