   6.6410872e+00   3.7363024e+00
   6.9467034e+00   5.0495241e+00
   5.6457450e+00   4.1253624e+00
   5.4211828e+00   2.8408411e+00
   6.0564733e+00   4.1897714e+00
   5.1066773e+00   3.8800570e+00
   7.1220779e+00   3.4754088e+00
   6.7758288e+00   5.0049985e+00
   6.9624956e+00   4.5404731e+00
   7.2607841e+00   4.2452698e+00
   5.8920815e+00   3.9522641e+00
   5.4228425e+00   6.1765939e+00
   6.5256326e+00   5.6730029e+00
   7.1519597e+00   4.3109387e+00
   6.8583789e+00   4.5865726e+00
   6.9455762e+00   6.0125601e+00
   7.5061304e+00   6.2932707e+00
   6.2953379e+00   5.6026205e+00
   7.2040969e+00   4.1741525e+00
   5.9881542e+00   3.9171851e+00
   6.7895004e+00   5.2515872e+00
   4.5964178e+00   3.6362657e+00
   7.5421061e+00   3.4291244e+00
   4.2250932e+00   4.1447632e+00
   6.2056565e+00   5.4558796e+00
   5.6537901e+00   4.6592817e+00
   4.8410172e+00   4.7449418e+00
   6.3358263e+00   5.6247497e+00
   6.3322431e+00   4.7346279e+00
   7.4112094e+00   3.3614375e+00
   6.1368629e+00   5.3420936e+00
   6.5776281e+00   4.9763418e+00
   6.2430880e+00   4.4116103e+00
   7.4676711e+00   4.0869644e+00
   7.1305540e+00   3.9554167e+00
   6.0106532e+00   4.4759933e+00
   6.1243337e+00   3.6994863e+00
   7.7794311e+00   3.9878096e+00
   5.7605277e+00   3.0133246e+00
   6.8579925e+00   3.9813581e+00
   5.1216452e+00   3.8067709e+00
   5.2380540e+00   5.0776518e+00
   6.8627827e+00   5.9549670e+00
   6.6483051e+00   5.5354848e+00
   7.0580923e+00   5.5468235e+00
   5.3668086e+00   5.1762105e+00
   7.0179894e+00   5.0465946e+00
   6.1719257e+00   5.2499887e+00
   5.9525259e+00   3.7701610e+00
   7.6891455e+00   5.3332024e+00
   7.4370445e+00   3.3014496e+00
   3.7489217e+00   5.1187735e+00
   6.3564891e+00   3.6675874e+00
   5.1497585e+00   3.5295052e+00
   5.7004490e+00   4.0464892e+00
   5.3657514e+00   3.1972925e+00
   7.6244774e+00   4.5159748e+00
   7.2410701e+00   5.6106592e+00
   6.5552805e+00   4.2506261e+00
   6.7034176e+00   4.9957016e+00
   6.4581633e+00   4.6620375e+00
   6.6839840e+00   5.7118210e+00
   6.2512896e+00   4.3416844e+00
   5.8214961e+00   4.7929710e+00
   6.5077258e+00   6.9677144e+00
   5.6901009e+00   5.6462338e+00
   5.6056298e+00   3.5661569e+00
   5.7302615e+00   5.6197921e+00
   5.9118698e+00   3.5757733e+00
   6.0080293e+00   4.5099070e+00
   8.5317956e+00   4.7893669e+00
   4.7767569e+00   5.3700030e+00
   4.9282494e+00   4.1027382e+00
   6.2460586e+00   5.0378578e+00
   5.9493885e+00   6.2697367e+00
   5.2698494e+00   2.5945150e+00
   6.3269871e+00   3.4232519e+00
   6.7529909e+00   5.6949409e+00
   4.8462785e+00   4.2060515e+00
   5.5921330e+00   4.4618222e+00
   4.7120936e+00   5.4239346e+00
   6.0835777e+00   6.7230611e+00
   6.1637993e+00   3.1981046e+00
   6.6825747e+00   3.5910092e+00
   4.9136324e+00   4.4224998e+00
   6.2974924e+00   4.5005104e+00
   5.8566917e+00   4.6068554e+00
   7.3919537e+00   4.1875355e+00
   6.3067474e+00   5.7196467e+00
   5.4628158e+00   3.5904386e+00
   5.7710678e+00   4.7039766e+00
   5.4637796e+00   5.4897474e+00
   7.4390213e+00   4.8751996e+00
   5.4889003e+00   3.8778738e+00
   4.3931646e+00   4.6205550e+00
   5.7987570e+00   4.1826040e+00
   7.1435034e+00   3.9003161e+00
   6.6632911e+00   5.8531539e+00
   6.1640844e+00   4.3023323e+00
   7.7854055e+00   3.9219980e+00
   5.4122885e+00   3.7440305e+00
   6.2590363e+00   4.6211989e+00
   5.1281665e+00   3.0041586e+00
   5.2120835e+00   2.8538411e+00
   5.6556603e+00   4.6928975e+00
   6.6476171e+00   3.2102304e+00
   8.0541267e+00   4.1001510e+00
   6.7989417e+00   5.2754030e+00
   4.9289225e+00   5.4221500e+00
   5.7948445e+00   6.0445358e+00
   5.4455569e+00   3.4904377e+00
   5.7070569e+00   5.3567064e+00
   7.1802320e+00   4.8252865e+00
   6.3773951e+00   5.7524388e+00
   6.9915744e+00   4.7201586e+00
   6.6034519e+00   5.3151967e+00
   5.2071139e+00   5.6394222e+00
   6.9308181e+00   4.0882890e+00
   4.6496117e+00   4.0389349e+00
   6.7997895e+00   3.1709514e+00
   6.5996374e+00   4.4124998e+00
   7.1004289e+00   4.8554460e+00
   4.5802582e+00   3.7568613e+00
   5.7963639e+00   4.5720307e+00
   6.0179131e+00   4.1435966e+00
   6.1003514e+00   4.0683082e+00
   6.8763566e+00   5.2793282e+00
   6.7006942e+00   5.3163246e+00
   6.6520158e+00   5.6483040e+00
   6.1785304e+00   3.4150401e+00
   7.6760104e+00   4.3638777e+00
   5.6749026e+00   5.1550917e+00
   6.1011478e+00   3.2065389e+00
   5.4233078e+00   6.4267400e+00
   5.9384719e+00   4.7332517e+00
   6.7255878e+00   3.9549777e+00
   4.7726582e+00   5.5328125e+00
   6.1909306e+00   4.8771366e+00
   5.2651816e+00   4.6092553e+00
   6.7883845e+00   3.8198117e+00
   4.0346178e+00   2.7346076e+00
   4.0444758e+00   3.5364323e+00
   7.6242935e+00   3.8543674e+00
   5.8505799e+00   4.9525278e+00
   4.0317319e+00   5.1144982e+00
   4.3138625e+00   3.7146993e+00
   5.9130783e+00   5.3281762e+00
   6.3073861e+00   5.1674170e+00
   6.3375456e+00   4.3744991e+00
   7.0669918e+00   3.5487711e+00
   6.3329415e+00   5.3920400e+00
   5.9265163e+00   4.3702784e+00
   7.0477568e+00   3.4865149e+00
   8.0588629e+00   4.7522870e+00
   6.0266934e+00   5.0235853e+00
   5.7594757e+00   3.0383704e+00
   7.0384752e+00   6.3664056e+00
   5.4927747e+00   2.3509480e+00
   4.5169203e+00   2.8647633e+00
   5.8935121e+00   5.7240191e+00
   6.2452639e+00   4.8251740e+00
   6.1457930e+00   4.0710870e+00
   4.8819146e+00   4.5115961e+00
   5.4030589e+00   5.2313185e+00
   5.3205118e+00   3.6319772e+00
   6.9550544e+00   5.4281596e+00
   5.8691995e+00   5.1973168e+00
   6.6494042e+00   4.4548497e+00
   6.5985150e+00   4.6912111e+00
   5.8074994e+00   3.8712370e+00
   4.0192011e+00   3.6433868e+00
   6.3629383e+00   4.1112873e+00
   6.7039496e+00   5.5285085e+00
   5.2474031e+00   4.2602797e+00
   5.9830825e+00   4.0483772e+00
   5.5583358e+00   3.5207328e+00
   7.7013348e+00   3.3665527e+00
   5.9694308e+00   4.5221209e+00
   6.2039178e+00   5.5402395e+00
   4.9521898e+00   5.7314841e+00
   5.2646296e+00   5.0601794e+00
   4.6434374e+00   4.1909613e+00
   6.7285856e+00   4.1323959e+00
   6.6071869e+00   4.8656334e+00
   5.1717146e+00   5.4374387e+00
   8.8876443e+00   5.4742437e+00
   6.9191354e+00   2.3810760e+00
   6.4057890e+00   4.4535353e+00
   7.9161839e+00   3.5332191e+00
   3.5443124e+00   4.0287510e+00
   5.9089366e+00   6.2352274e+00
   5.9753200e+00   3.7224699e+00
   6.1999360e+00   2.8162026e+00
   4.9616853e+00   4.6770271e+00
   6.5293668e+00   4.3755225e+00
   3.7828812e+00   4.0844451e+00
   6.1074164e+00   5.3794583e+00
   6.4389094e+00   5.0661281e+00
   5.9590066e+00   4.8759170e+00
   6.3643092e+00   4.2230462e+00
