   9.3500985e+00  -8.8831132e-01
   8.7086928e+00   2.1408295e+00
   9.1860781e+00  -6.9217812e-01
   9.5765995e+00   9.9297348e-02
   9.3396573e+00   1.4349784e+00
   8.3271729e+00   1.2334012e+00
   8.4629863e+00  -7.5764454e-01
   7.9598422e+00   7.3857814e-01
   9.9972843e+00  -1.1143612e+00
   8.9739461e+00  -1.7058691e+00
   8.3430008e+00   6.6116235e-01
   9.6777456e+00  -1.7296420e+00
   8.4891659e+00  -2.1380735e+00
   9.4460046e+00  -6.0047665e-02
   1.0516635e+01   1.3856907e+00
   9.9377563e+00   1.2178159e+00
   8.8398373e+00  -1.4950508e+00
   8.8861619e+00   3.7283100e-02
   1.0937126e+01   8.0287087e-01
   8.8292012e+00   9.7385359e-01
   9.3011685e+00   1.5607339e+00
   9.3259887e+00   1.5862495e+00
   9.9248367e+00   8.5629778e-01
   9.2152912e+00  -1.4244830e+00
   9.3662493e+00   3.9702337e-02
   9.3221509e+00  -1.3799116e+00
   1.1689003e+01   1.2330709e+00
   9.8760689e+00   1.7420764e+00
   8.1235100e+00  -2.0014951e+00
   7.7825530e+00   8.3549699e-01
   7.3851603e+00  -3.4281833e-01
   1.0840080e+01  -4.7796210e-01
   8.1810742e+00  -8.8910141e-01
   9.9921356e+00   1.2634291e+00
   9.5338178e+00   3.8320116e-01
   7.4732729e+00  -1.1886736e-01
   1.1022859e+01   4.1724716e-01
   9.5522960e+00   1.0132218e+00
   1.0820142e+01  -8.6951749e-01
   9.3426445e+00  -7.9468048e-01
   9.1795615e+00   6.8850228e-01
   7.9806817e+00   1.5856729e+00
   9.0375995e+00   1.2501788e+00
   9.1371233e+00  -1.1560351e-01
   7.4789477e+00  -1.3317697e+00
   8.9810815e+00  -2.3428056e+00
   9.1632467e+00  -9.2656333e-01
   8.2788493e+00   1.1295675e+00
   9.4106034e+00  -5.4912753e-01
   7.7873689e+00   2.8373170e-01
   8.4262553e+00   2.1277932e-01
   9.1053922e+00  -2.2027632e+00
   8.3949039e+00   1.2510730e+00
   9.4217946e+00   2.0247050e+00
   8.6371911e+00  -3.8896715e-02
   8.1258848e+00   9.9858363e-01
   9.9315939e+00  -7.5733370e-01
   9.6000421e+00   5.9614514e-01
   9.5713607e+00   2.1232170e+00
   9.6851102e+00   1.3117254e+00
   1.0009421e+01  -6.9994151e-01
   9.9908707e+00  -1.0196133e+00
   9.0336905e+00   5.3114787e-02
   8.5497300e+00  -2.3701917e-01
   8.8893437e+00  -6.2735983e-02
   1.0237859e+01   1.2711091e+00
   7.8021399e+00   2.2113837e-01
   8.4356061e+00   1.6640232e+00
   1.0043309e+01  -4.2959875e-02
   9.8460017e+00  -1.3323545e-01
   8.5044638e+00   7.9319983e-01
   8.7931823e+00   4.2627254e-01
   8.8442038e+00  -2.0990186e-01
   8.7246019e+00  -1.5881591e+00
   6.5567509e+00  -1.1163807e+00
   8.5726772e+00   6.1685504e-01
   9.3090604e+00   5.4346425e-01
   1.1451575e+01  -1.4678960e+00
   7.5373720e+00   1.1990833e-01
   8.3644584e+00   5.2935550e-01
   8.6145272e+00  -1.1752443e+00
   8.0577225e+00  -9.9821525e-01
   8.3262269e+00   1.1940423e+00
   7.0757561e+00  -1.7536975e+00
   8.8875824e+00   4.4652935e-01
   8.4814905e+00   9.7805995e-01
   9.5349825e+00  -1.7912573e+00
   9.0574079e+00  -1.3018900e-01
   1.0065817e+01  -1.1752373e+00
   1.0620737e+01   8.9962083e-02
   9.1218537e+00  -4.2216589e-01
   7.7619591e+00  -1.6509336e+00
   9.2441256e+00   6.1796865e-01
   1.0398258e+01   5.9616028e-01
   8.9045267e+00  -6.1843733e-01
   9.3876227e+00   5.2787538e-01
   8.0336854e+00  -1.3443181e+00
   1.0509186e+01  -1.2347653e+00
   9.4038307e+00  -1.1534399e+00
   8.5778587e+00  -1.0932804e-01
   7.3259759e+00  -5.2419476e-01
   8.3123698e+00   1.9112984e+00
   7.9728146e+00  -7.1106032e-02
   8.5074425e+00   5.6183537e-01
   9.3468083e+00   5.7407171e-01
   9.8293525e+00   3.7173356e-01
   9.1556326e+00   1.9169388e-01
   9.0837139e+00   1.2440852e+00
   9.3746168e+00  -1.1641598e+00
   1.1653202e+01   1.6352697e+00
   9.3327140e+00   6.8632968e-01
   9.1407708e+00  -1.1494866e+00
   1.0577835e+01   1.1101573e+00
   9.0895477e+00   1.1825638e+00
   8.3270163e+00   1.7073281e+00
   9.9318935e+00  -4.2031542e-01
   8.6421096e+00   1.6393777e+00
   9.2021017e+00   2.6346851e-01
   9.8762504e+00  -1.4634831e+00
   9.8079483e+00  -7.7617098e-01
   7.3966661e+00   9.2948801e-01
   6.6379481e+00   1.7929577e+00
   8.2982999e+00  -1.1831518e+00
   1.0651903e+01  -1.1117586e-01
   9.2350728e+00  -6.5676581e-01
   8.8482472e+00   1.8797341e+00
   8.8441114e+00  -8.9608088e-01
   1.0038165e+01   1.3315057e+00
   9.3304838e+00  -6.2457313e-01
   9.4758066e+00   7.7667888e-01
   6.9094982e+00  -1.3242537e+00
   8.8259652e+00   1.5002767e+00
   9.0191882e+00  -2.2029029e+00
   8.1399727e+00   3.2251470e-01
   8.9770506e+00   4.2100445e-01
   8.3976827e+00  -8.2070114e-01
   9.8699018e+00  -9.6645875e-01
   8.4291875e+00   6.0934820e-01
   1.0304680e+01  -1.0362114e+00
   8.9573558e+00  -2.8237518e-02
   9.8955308e+00  -2.8197668e+00
   1.1284856e+01  -2.0810495e+00
   9.0668274e+00  -4.4753129e-02
   1.0494589e+01   1.1179550e+00
   7.9275358e+00  -1.6495036e+00
   1.0823345e+01   6.7866722e-01
   7.7915708e+00   4.9432325e-01
   8.9346084e+00  -5.8846858e-01
   8.6731637e+00  -2.3924660e-02
   7.8508493e+00   2.1913130e+00
   7.6919583e+00  -1.4005810e+00
   9.6463830e+00   4.8009949e-01
   7.6107965e+00   2.0755068e-01
   7.6593174e+00   3.2208477e-01
   1.0128872e+01  -5.8804828e-03
   9.0016961e+00   2.8138908e-01
   9.3796839e+00  -2.5133924e-01
   8.0986684e+00  -1.6934595e+00
   8.8032057e+00  -5.8401619e-01
   9.3069415e+00   2.3444273e-01
   9.1674567e+00   2.5878622e-01
   1.0788079e+01   6.0365642e-01
   8.3759176e+00   2.2209654e+00
   8.8500391e+00  -1.6541306e+00
   9.8322150e+00   6.8041050e-01
   9.9480911e+00   1.3582931e-01
   7.0262624e+00  -3.7987452e-02
   8.6081213e+00  -6.9313723e-01
   8.3232888e+00  -1.2752501e-01
   8.9839790e+00   6.8036184e-01
   9.5151748e+00   4.2621460e-01
   9.4448297e+00  -1.6056695e+00
   1.0140898e+01   9.0621075e-01
   9.4476810e+00   2.4951414e-01
   9.3154402e+00   1.8942282e+00
   9.9455915e+00  -1.1123787e+00
   9.4286631e+00  -7.2204177e-01
   7.6753931e+00  -1.7521868e+00
   9.1098215e+00   3.6123135e-03
   7.3452781e+00   9.9514429e-01
   1.0110672e+01  -4.7896935e-01
   6.8921383e+00  -5.1910136e-01
   8.4501631e+00  -2.9465974e-01
   9.0942607e+00  -1.6054991e-01
   8.9617802e+00   1.0235161e+00
   1.0882927e+01   1.5894737e-02
   9.0554607e+00  -4.8265707e-01
   8.3861099e+00   6.3467451e-01
   9.5870166e+00  -1.3644380e+00
   7.7932911e+00   5.9862480e-01
   9.5453305e+00  -2.0649811e-01
   9.2509304e+00   2.1393663e+00
   8.6072525e+00  -6.4881377e-01
   8.3779581e+00   4.2359224e-01
   7.8095233e+00   1.1786535e-01
   7.1215333e+00  -1.0807785e+00
   8.5759916e+00   8.7552669e-01
   9.7772419e+00  -2.2262817e+00
   8.2860740e+00  -1.9461113e+00
   1.0584640e+01  -1.3095947e+00
