   1.2961712e+00  -9.4700669e-01
   2.2007829e+00  -1.1778901e+00
   2.0901728e+00   7.7248256e-01
   6.4129677e-01  -3.5088036e+00
   8.7007237e-01  -1.4565892e+00
   1.7337375e+00   1.4303775e+00
   1.1203316e+00  -1.4714541e+00
   2.1363313e+00  -1.5603285e+00
   3.1322688e-01  -2.2264674e+00
   1.4716829e+00  -2.0704964e-01
   1.2883425e+00  -3.1099404e+00
   2.3918548e+00  -1.7993951e+00
  -3.4550201e-01  -4.3302491e-01
   1.0007474e+00  -1.0014429e+00
   1.0534948e+00  -3.7607533e-01
  -1.3419052e+00  -8.7355917e-01
   2.2480951e+00  -3.1913221e-01
   3.8092319e+00  -2.2874159e+00
   7.6781514e-01  -7.8191515e-01
   1.2870321e+00  -2.5665671e+00
   5.3539551e-01  -2.1671807e-01
   1.3843178e+00  -1.3105699e+00
   6.2017248e-01  -3.4467559e-01
   8.9822177e-01  -1.5374674e+00
   2.6181511e+00  -6.7135660e-01
   1.5277012e-01   5.4071971e-02
   4.2411682e-01  -2.9796993e+00
   9.2408687e-01  -2.8673882e+00
   8.6752841e-01  -2.8323557e+00
   2.4393097e+00  -1.5140788e-01
   3.0312629e+00  -5.9481274e-01
   2.1798390e-02  -1.7024560e+00
   3.5897633e-01   4.9904602e-01
   1.5204757e+00  -8.6220513e-01
   6.1930000e-01  -2.5868214e+00
   2.9928519e+00  -2.0191455e+00
   2.6358702e+00  -2.3852337e+00
   1.5590189e+00  -4.5113570e-02
   1.5636376e+00  -1.6011203e+00
   6.6160338e-01  -2.1718908e+00
   1.7636474e+00  -1.5771103e+00
   2.1274423e+00  -1.8364305e+00
   1.1415712e+00  -1.4703047e-01
   2.9281341e+00  -5.2266882e-01
   1.6706379e+00  -6.9767993e-01
   8.8988876e-01  -5.8422381e-01
   1.3709623e+00  -9.5702517e-01
   2.0965947e+00  -1.9488532e+00
   6.0183689e-01  -4.5839163e-01
   9.1453745e-01  -1.8211283e+00
   3.3732874e+00  -2.0719050e+00
   5.2607898e-01  -2.0740916e+00
   1.9463409e+00  -1.3044719e-01
   1.8181616e+00  -1.8948585e-02
   2.5889709e+00  -2.7588254e+00
   1.5260120e+00  -1.1480960e+00
  -1.4651976e+00  -7.4805825e-01
   1.4747206e-01  -1.6103846e+00
   1.5117354e+00  -2.3902019e-01
   1.2577749e+00  -7.4557050e-01
   2.9624474e+00  -1.1528337e+00
   2.4063149e+00  -1.5574109e+00
   1.4968337e+00  -3.2298234e-01
   1.0828306e+00  -1.5070256e-01
  -5.4847786e-01  -5.3069282e-01
   2.8631596e+00  -1.2397817e+00
   1.1340266e+00  -7.9014546e-02
  -5.4600257e-01  -1.9068814e+00
   1.4332824e+00  -8.5555939e-01
   1.1029542e+00   3.9640903e-01
   4.2965390e-01  -1.1896988e+00
   1.4930622e+00  -1.8438359e+00
   2.9248679e-01   9.4343805e-01
  -3.4802504e-01  -1.2469215e+00
  -7.5430153e-01  -5.5838084e-01
   6.3619105e-01  -1.8036115e+00
   3.7290599e-01  -7.1239057e-01
   1.4401503e+00  -5.3298191e-01
  -5.0264113e-01  -9.9543839e-01
   7.9176456e-01  -6.7390964e-01
  -5.0512546e-01   2.0458672e-01
   2.8097408e+00  -2.4041158e+00
   8.8302743e-01  -7.9443644e-01
   2.2262090e+00  -2.9911958e+00
   1.4949431e+00  -9.7159107e-01
   1.9085949e+00   9.3051541e-01
  -1.5421883e-01  -5.8863212e-02
   2.2575555e+00  -1.0069245e+00
   2.4525324e+00  -1.3382416e+00
  -1.0768115e+00  -4.7173422e-01
   8.2351200e-01   5.6899594e-02
   3.4791781e-01  -9.8525938e-01
   1.1565338e+00   6.1476127e-01
   1.4977421e-01  -1.8158550e+00
   1.2790459e+00  -2.9977591e+00
   1.5970937e+00  -1.7481914e+00
   1.2447167e+00  -1.1993040e+00
   8.8165349e-01  -1.3727601e+00
  -2.8940788e-01  -1.8473712e+00
   1.0575636e+00   3.3723804e-01
   4.7906711e-01  -2.6163173e+00
  -2.7902689e-01  -1.4918176e+00
   9.4377277e-01  -1.9693016e+00
   7.9031972e-01  -1.4741079e+00
   1.1921016e+00  -1.6661638e+00
   1.9923323e+00  -5.2162532e-01
   1.5762442e+00  -2.0410581e+00
   2.3057838e+00  -1.8206591e+00
   2.7069417e-01  -8.9887039e-01
   1.3542531e-01   8.3982537e-02
   9.0507901e-01  -2.8545272e+00
   2.3832139e+00   7.9975279e-01
   2.3036814e+00  -1.8783743e+00
   8.7418782e-01  -3.5226727e-01
   4.0312622e-01   4.9565032e-02
  -5.2064633e-01   3.2309338e-01
   1.6718416e+00  -1.5173590e+00
   1.0228443e+00  -9.7568505e-01
  -1.7778859e-01  -1.1623669e+00
   6.6542184e-01  -1.6056611e+00
  -8.2945521e-01  -7.2829024e-01
   1.4299896e+00  -6.4135659e-01
   8.2600654e-01  -1.3523151e+00
   2.6312424e+00  -8.6764007e-01
  -3.5942802e-01   1.6735818e+00
   1.9705067e+00  -1.0075661e+00
   1.1436398e+00  -2.8969706e-01
   1.0826036e+00  -1.4625394e+00
   1.7166640e+00  -1.5278779e+00
   2.1934839e+00  -1.3457871e+00
  -7.1061919e-02  -4.3544223e-01
   2.3189022e+00  -1.8015391e+00
  -2.1000314e-01  -2.8529468e+00
  -7.4114902e-02  -9.4678398e-01
   3.2743992e-01  -1.4364152e+00
   1.7364622e+00  -7.1999253e-01
  -6.9960693e-02  -9.1539411e-01
   1.3347151e+00  -2.7088094e-01
   1.4118826e+00  -9.9246904e-02
   1.1541202e+00  -2.3256383e+00
   1.5545707e+00  -2.5245788e+00
  -1.7284569e-01  -4.9756667e-01
   2.0075867e+00  -6.9360857e-01
   1.1135203e+00  -1.9391605e+00
   1.7300509e+00   2.3740213e-01
   1.6488219e-02  -9.6698809e-01
   1.0520316e+00  -8.7643168e-01
   1.8775994e+00  -7.2606062e-01
   2.0141410e+00  -2.4583419e-01
   9.1565159e-01   5.2449751e-01
  -8.5353158e-01  -1.2619758e+00
  -9.6820710e-02  -2.7306835e+00
   1.2186276e+00   1.3464300e-02
   1.7942459e+00  -1.9277361e+00
   1.4631242e+00   2.4368029e-01
   3.8736998e-01  -1.5894887e+00
   3.2443998e+00   4.9148173e-01
   1.0723476e+00  -1.8059781e+00
   1.8655144e+00  -2.1125991e+00
   5.8430353e-01  -4.3060432e-02
  -1.1493811e-01  -2.3630516e+00
   1.6852524e+00  -3.1941504e-01
   2.0376732e+00  -5.6217638e-01
   2.8222115e+00  -1.1432675e+00
   4.7101151e-01  -1.3415325e+00
  -6.2796673e-01   1.0578106e+00
   2.6173024e+00  -1.3745350e+00
   1.2641367e+00  -1.1902032e+00
  -1.2714619e-01  -1.9387324e+00
   4.4082414e-01  -1.8134624e+00
   1.9115484e-01  -1.5836188e+00
   2.1610043e+00   7.0952537e-01
   1.5921053e+00  -1.3904198e+00
   1.2427477e+00  -1.6900654e+00
   1.2404775e+00  -1.4482207e+00
   1.7849960e-01  -2.8562365e-01
   1.9931121e+00  -2.3157312e+00
   1.3463947e+00  -3.7287790e-01
   7.3886647e-01  -2.3312948e+00
   8.1528709e-01  -1.1308482e+00
   8.9826500e-01  -2.8268962e+00
   1.1295686e-01  -4.6407753e-01
   1.7413771e+00  -3.0713528e-01
   2.3922079e+00  -1.6875498e+00
   3.4739003e+00  -6.8242424e-01
   1.5039192e+00  -8.3715766e-01
   1.7751945e-01   1.5911591e-01
   1.2009819e+00  -8.7161194e-01
  -7.0525275e-03   3.9458133e-02
   3.8682844e-01  -1.1167711e+00
   3.4103661e-01  -1.6482969e+00
   1.6677067e-01  -1.0379812e+00
   1.3781793e+00  -1.1993248e+00
  -1.1534260e-01  -1.1833013e-01
   1.6672414e+00  -1.0561441e+00
   1.7953328e+00  -1.8412389e+00
   2.0374919e+00  -1.1548438e+00
   9.7956881e-01   1.8859467e-01
   1.6189531e+00  -1.4149073e+00
   2.8030635e+00  -1.6586168e+00
